1328
1344
3648
14064
11200
13056
13072
13088
13104
13120
13136
13152
13168
13184
13200
13216
13232
13248
13264
13280
13296
13312
13328
13344
13360
13376
13392
13408
13424
13440
13456
13472
13488
13504
13520
13536
13552
13568
13584
13600
13616
13632
13648
13664
13680
13696
13712
13728
13744
13760
13776
13792
13808
13824
13840
13856
13872
13888
13904
13920
13936
13952
13968
13984
14000
14016
14032
14048
14064
14080
14096
14112
14128
14144
14160
14176
14192
14208
14224
14240
14256
14272
14288
14304
14320
14336
14352
14368
14384
14400
14416
14432
14448
14464
14480
14496
14512
14528
14544
14560
14576
14592
14608
20576
20560
20544
20528
20512
20496
20480
20464
20448
20432
20416
20400
20384
20368
20352
20336
20320
20304
20288
20272
20256
20240
20224
20208
20192
20176
20160
20144
20128
20112
20096
20080
20064
20048
20032
20016
20000
19984
19968
19952
19936
19920
19904
19888
19872
19856
19840
19824
19808
19792
19776
19760
19744
19728
19712
19696
19680
19664
19648
19632
19616
19600
19584
19568
19552
19536
19520
19504
19488
19472
19456
19440
19424
19408
19392
19376
19360
19344
19328
19312
19296
19280
19264
19248
19232
19216
19200
19184
19168
19152
19136
19120
19104
19088
19072
19056
19040
19024
19008
18992