16
48
64
112
784688
784992
785200
785328
785600
785696
785808
786000
1102752
1308592
1309712
1310160
1311616
1312688
1312800
1314064
1314592
1315136
1315440
1317488
788592
790080
791824
792352
792512
793008
793584
796064
796192
796384
797456
797568
799728
799920
800096
800240
800400
800560
801232
801296
784128
784384
784544
784640
784848
784880
785072
785232
785344
785408
785504
785616
785728
785840
785936
786064
786096
786128
786160
786288
786304
786400
786416
786544
786592
786672
786688
786736
786752
786832
786848
786912
786992
787040
787056
787360
787792
787904
788032
788256
788560
788864
789184
789392
789664
789712
789840
790064
790352
790544
790720
788544
789152
789632
789744
790016
790384
790560
790688
791472
791616
791872
791984
793024
793152
793984
794128
794208
794304
794592
154281537
154281569
154279937
179255008
179257728
186621632
250460736
250461488
250462112
745408016
745408928
745409472
745429536
953488
953600
953744
953808
953952
953984
954176
954304
956880
984624
984800
985472
986688
986896
988192
988288
988512
988656
989872
990016
990160
990272
990464
990608
991344
991856
992000
992128
992208
979712
979968
980128
980240
980352
980448
980608
980768
981008
981120
981216
981456
981600
981808
981968
982096
982160
982256
982368
982480
982640
982768
982864
983008
983232
983472
983616
983776
984080
984256
992448
992576
992720
992944
993040
993200
993328
993472
993600
993680
