(null), From Lua: top_table.lua:534: attempt to index field '?' (a nil value)
2237
517152434 1005
523492081 1154
550916896 1155
525580820 1155
511942721 1205
523490052 1155 1355
526620224 1005 1253
526597792 1305
522425681 1155
511967728 1155
511927185 1305
569867296 1255
523491602 1305
392436304 1205
520364752 1005
511954224 1005 1054 1305
362073536 1205
333731921 1205
510901827 1005 1305
526640656 1205
497285152 1005
526622048 1255
511925936 1255
488867488 1155
523474544 1005
540558768 1255 1354
522430818 1305
308594450 1305
511957056 1305
27493680 1005 1204 1354
522445362 1305
432268176 1004 1204 1354
174244256 1305
531891473 1255
566741569 1205
510909776 1155
526638657 1005 1355
552035009 1305
1903696 1005 1354
537331009 1054
565705776 1205
524570848 1255
197305139 1205
538402544 1155
531901696 1005 1304
557269248 1205
178429136 1204
511969345 1155
526618801 1305
539427187 1255
446973264 1155
521389200 1255
373600818 1205
509870944 1005 1254
527707430 1255
223539043 1205
524573441 1205
531899952 1305
524590529 1005 1205 1355
511966064 1005 1204 1355
520348800 1005
502531696 1005 1304
522458192 1304
531927505 1254
511964545 1005 1054 1254
510955761 1005 1154
49998833 1004
501509664 1305
574164400 1304
72730256 1254
508845872 1205
557335202 1304
523552961 1052 1155
523552962 1051 1154
550035985 1155
518260368 1205
541653009 1054 1255
841462 1205
526672432 1205
526672433 1054
524584464 1355
2250740 1255
546845410 1304
545809587 1255
72465889 1205
563674640 1255
523505554 1054
523543296 1155
365264066 1155
529845216 1054
520402177 1205
501492130 1204
510950981 1005 1154 1354
520383568 1205
40566608 1054
557389392 1155
565740256 1155
524581713 1355
516232640 1005 1305 1355
389073 1205
510962736 1155 1205
427068832 1304
523572160 1205
510976000 1155
536108656 1005 1255
546960800 1154
535057025 1005
528804848 1155
524563376 1305
9491648 1154
14078080 1205
522529728 1155
584661088 1155
524623569 1004 1253 1355
27890384 1305
1215936 1005
510956656 1254
525670368 1004
522484609 1205
503635760 1005 1354
524596304 1304
522528992 1255
523570176 1305
520426243 1255
545929169 1155
511009472 1155
523540864 1005 1255
95012896 1302 1355
525671680 1005 1154
318071936 1205
535106817 1255
12702624 1305
568947363 1054
524617248 1205
524629747 1005 1154
525666593 1054 1154
529851969 1004
525687506 1255
343256112 1255
524599921 1005 1204
179518128 1155
522521392 1204 1355
523593430 1205
538571376 1155
10802258 1004 1254
524631298 1005 1204 1354
180567601 1155
461699463 1005 1355
458569553 1305
524590512 1305
523571008 1005 1254 1355
563790768 1155
523571012 1255
457524304 1305
542732064 1255
261806928 1255
204153792 1255
535098464 1305
525696736 1004 1252 1355
26516272 1005 1155
524625472 1305
10278689 1004 1255 1353
518343715 1155
529872432 1155
524632370 1005 1254
524649968 1155
530923568 1155
510997584 1005 1155 1354
511034816 1005 1155
475332272 1054 1154
511024880 1305
509984976 1305
522552577 1154
562691809 1054 1254
520476608 1205
238244241 1204
559589474 1304
522546736 1155 1355
542834720 1304
510987424 1005
232479760 1005 1054
516274672 1255
547026496 1005
524651042 1005
531974241 1255
524653088 1155
523617520 1005
506852817 1205
524617648 1002 1303
540705504 1155
56823696 1305
528813233 1205
538630304 1004 1155 1355
517300337 1355
524648272 1004
524664849 1305
534096672 1155
529928129 1305
524670210 1205
162865 1305
525708593 1305
5419057 1155
506832976 1205
39793378 1155
525703249 1355
529908770 1205
516301024 1205
540805584 1053 1155
524652658 1005
517331760 1155
397819969 1205
12409632 1305
509991488 1305
517338400 1005
167489586 1054
480639808 1155
526796241 1205
524659056 1005 1254
540718960 1255
516306931 1204
509997632 1205
545963377 1005 1054 1255
525721680 1255
529903235 1004 1205
510014736 1005 1304
306240 1205
516280689 1255
516280690 1255 1305
532019008 1205
530963552 1155
574385632 1305
478536593 1205
523645720 1205
564852083 1305
261330449 1255
516314114 1305
163392 1005
535189744 1155
359080912 1155
510037208 1005 1255 1355
23047632 1205
510007120 1255
558635123 1155
522571922 1204
525758706 1155
527859173 1305
520480643 1205
520489569 1005 1254 1355
535166816 1155
523627648 1005 1155 1355
524668064 1255
524672657 1155
41235632 1205
530963856 1155 1355
523654689 1005 1155 1355
524679553 1305
523644241 1205
523645521 1155
15359008 1005
510051024 1205
516320544 1005 1155 1354
523630992 1154
524675744 1204 1355
386293937 1255
245090064 1155
522630112 1305
510014064 1005 1152 1355
510022992 1255
534146848 1004 1154 1355
510022994 1305
48288 1255 1355
520501872 1205
510034994 1005 1155
246129345 1005
522624272 1204
540906928 1305
510041888 1004 1254 1354
510041890 1054
516328752 1005 1155 1354
510014609 1255
516328759 1054
524743120 1155
401034224 1155
97669376 1155
529945456 1255
538802690 1204
510063845 1205
508992832 1005 1155
252949056 1205
524708208 1005
510036576 1005
389496353 1154
524701840 1054
14606352 1305
205773394 1255
185875842 1205
510078672 1255
524698032 1305
433539841 1305
525776449 1155
533119792 1005 1305
524750835 1304
324720 1004 1254 1355
553427792 1155
520515745 1254
511134672 1155
452380560 1155
476524563 1205
524720769 1005 1254 1354
509002096 1305
320320563 1305
538833472 1255
525797152 1305
524765409 1255 1355
61556673 1305
523702304 1005 1254
58407952 1154
526848288 1005 1355
524731504 1305
526840896 1005 1155 1355
115231634 1205
510052994 1054
510058096 1004 1255
244057520 1005 1255
516383217 1305
520527793 1005
510049952 1002 1204
510057859 1005 1354
527881602 1155
411547920 1155 1205
211578736 1205
187967184 1205
524759600 1154
516373296 1305
510071648 1205
510051760 1005 1255 1354
526854208 1305
523734752 1305
517436928 1005 1154 1355
372760611 1005 1154
263988372 1005 1254 1355
491239136 1004
539888337 1155
510073200 1155
527882402 1255
559827088 1155
434586263 1155
538847952 1304
527888790 1305
523742432 1205
566151202 1305
569310705 1305
520599264 1304
527911750 1205
520587281 1155 1305 1355
535259172 1255
520579889 1255
525794208 1004 1352
520592899 1155
177496000 1205
516392736 1154
537817281 1005 1054 1254 1354
524785424 1305
521640720 1005
563041233 1155
500646528 1205
563997504 1305
525824320 1305
182216128 1155
523715952 1304
525833248 1204 1305
525821520 1155
14968384 1205
554644001 1155
525820000 1155
524807127 1205
524813248 1205
513224864 1005
526856851 1005
526849457 1005
10513136 1305
557734672 1205
533189872 1255
521666513 1205
465032499 1005 1204 1354
511154755 1205
14444432 1255
525866689 1054
6404128 1155
522705665 1054 1154
520601376 1155
49895920 1204
525868992 1005 1304 1354
541040656 1204
524773761 1155
532116849 1154
534222160 1205
534222161 1155
523748144 1255
563058723 1205
1224896 1004 1054 1253 1354
35089200 1155
524779392 1305
520573874 1255
535263360 1154
525857297 1005
525849140 1205
517485280 1154
517444736 1005 1054 1155 1355
516432885 1255
266089808 1305
536888784 1255
524835008 1355
517456224 1154
523783376 1205
522735312 1004 1255
517493713 1254
549473232 1255 1355
523737232 1205
512209793 1005
522689424 1005 1154 1354
511154080 1155
523734176 1205
302559312 1204
526932689 1005 1205
517464914 1005
536898528 1005
526913312 1004 1253 1355
520626963 1305
510129232 1305
51339985 1205
525842560 1005 1304
450392081 1155
523734192 1005 1205
525842563 1205 1305
510132304 1205
61696832 1305
502823392 1205
506992960 1255
516407697 1305
60386433 1155
534245969 1005 1154
525888736 1255
524802421 1205
517493762 1205
517475921 1204
198498832 1155
516420720 1005 1255 1355
529012548 1255
555694432 1204
521693440 1255
473426352 1155
523775553 1155
525858679 1205
529051584 1255
511168944 1305
532160080 1305
175967488 1005 1154 1355
528004545 1155
352931793 1155
535294593 1005
523772000 1305
98737888 1155
524846080 1005 1205 1255
541151650 1155
308910016 1305
188553970 1205
333023936 1304
505948544 1255
8173936 1205
510156112 1205
522725504 1255
4038240 1205
514355776 1154 1355
524847648 1004
512243584 1005
509140192 1155
536885520 1005
535345136 1154 1355
510141600 1005 1205
520662288 1005 1054 1202 1354
150796240 1255
47155264 1255
532162193 1254
106348105 1255
242030432 1155
527992132 1305
536906496 1005
524833925 1255
532198944 1005 1204
536893776 1005
535369665 1005
532200994 1155
541174288 1204
511207824 1255
524849248 1005 1255
534288465 1004
495501392 1155
523785888 1005 1255 1355
516457344 1205
523846336 1005 1154 1205 1304 1355
526938512 1255
530130400 1305
510163362 1155
204275648 1155
511213472 1355
604528 1005 1355
523826209 1205
523802240 1205
521710192 1205
523844320 1305
523845856 1004
523829536 1004 1255
524862304 1204 1355
525922355 1154
523798179 1205
520671073 1305
524852624 1005
329910496 1155
523809665 1255
521701296 1004 1354
521722976 1155
521747712 1005
13300449 1255
240971588 1005
525942528 1205
520697104 1054 1155
347724817 1155
524851120 1005
184372641 1005 1154 1203 1255 1305 1355
530134033 1205
535396800 1205
523810208 1155
530112371 1305
82784 1004
530114673 1155
519615666 1005
112122704 1004
566354112 1155
526956466 1005
510192784 1005
13006288 1255
483998048 1205
392835776 1255
520726483 1155
3694676 1005
524903189 1005
514430449 1204 1355
528057856 1155
524880768 1002 1155 1254
576830256 1155
523867137 1155
360338402 1255
549605568 1305
555965872 1205
529115889 1205
524906800 1305
522799712 1004
528049729 1155
531208976 1304
520689568 1305
517591536 1205
494488208 1005
510213776 1205
540207745 1005
517564514 1305
524929024 1305
510248976 1255 1355
517558912 1005
524909648 1305
189644016 1005 1255
525997249 1305
516530496 1205
525957728 1255
517596417 1205
30465617 1304
34846912 1255
519678273 1205
521762675 1205
560190928 1204
511273872 1005 1255
301658835 1005 1205
524932128 1154
33668256 1155
536469264 1005 1355
520737073 1305
556979457 1155
523887392 1305
524960960 1155
579030656 1155
527029297 1305
535420194 1205
568558176 1255
33668259 1155
539241442 1004 1254 1355
523884096 1005
541279952 1154
523873904 1004
187537088 1205
564388400 1255
210084257 1255
528113857 1255
527035447 1005 1255
34717028 1155 1205
517591392 1005 1303
192280800 1155
523871376 1004 1355
527016337 1305
527045155 1004 1154
527016596 1005 1254 1355
486153792 1305
517632209 1304
524945459 1005
362803 1305
524918944 1155 1205
321553536 1205
530191664 1005
9371680 1205
511294880 1004 1153
525975696 1155
527045953 1005
524979152 1155
526008864 1205
520738452 1005 1155 1354
66956000 1155
329978640 1155
527080402 1155
510303968 1005
283814064 1005 1305
9962214 1255
143518912 1005 1355
42944 1205
521829888 1205
535441984 1155
193314625 1255
510268800 1304
521850816 1304
2319312 1155
454758594 1205
533366019 1304
536487520 1004 1154 1355
524977168 1005
529182945 1205
179698080 1005
519696049 1205
563423713 1255
526016322 1155
525001410 1004 1205
559206481 1355
15465521 1155
535445345 1155 1255
524995552 1255
538230403 1205
539239712 1004 1054 1154 1355
225835520 1255
510320097 1155
534408256 1155
526038528 1205 1355
558098272 1155
10486177 1255
516581472 1005
532298626 1155
520759203 1154
560252064 1155
1966816 1255 1355
521859040 1005 1255
494569571 1005
524963968 1002
529173824 1305
519726960 1005 1355
541359376 1155
543514672 1255
537271168 1255
524974689 1254 1355
550864913 1255
527085616 1155 1355
517654052 1255
516587376 1205 1255
511382498 1205
524958384 1003
526046740 1205
324771088 1205
527064209 1205
524980321 1205
526045474 1254
510333936 1155
538240241 1005
529163410 1005 1255 1355
179703104 1004
519742304 1004 1252
529160865 1005 1154
551925808 1305
11698881 1005
29160240 1005 1205 1355
492489569 1254
519726000 1005
208005968 1155
576009393 1205
524985458 1205
533380946 1305
516584368 1255
524975264 1305
533398800 1155
526044752 1155 1355
569743987 1305
539327664 1005
13435664 1205
521887952 1205
538237809 1005
378253329 1054
523950176 1155 1305
182352112 1054 1205
533387360 1255
527139008 1005
528128688 1255
488306304 1305
252568528 1355
556160048 1155
534466048 1004 1054 1354
519803345 1204
311184352 1005
524996753 1054
4736992 1005 1205 1304 1354
517667952 1005 1154
449531745 1155
524998291 1305
525039094 1005 1254 1354
510343744 1054 1255
536556080 1255
4031472 1204
525037824 1005
365952 1205
529232384 1255
511370145 1004 1152 1355
522951392 1155
510323616 1005
525000355 1003
527129891 1155
510325664 1155
526050976 1255
510346832 1305
528168784 1005
567708257 1054
516652064 1255
478888320 1305
525003440 1003
521859248 1155
526073184 1154
564522784 1304
510357312 1155
327941984 1054 1255
532356228 1005
2868608 1304
522950675 1205
184443073 1005 1205 1254 1355
536573232 1155
535508849 1155
568825248 1154
536595168 1005 1304
521902626 1255
492575427 1155
529237557 1205 1355
501958288 1005
286045680 1205
527134546 1155
523974032 1155
527135824 1005
566684784 1155
527173312 1205
529229664 1305
530289716 1205
527127927 1005 1155 1355
528223936 1005 1205 1355
520830112 1005 1255
537294128 1205
557253777 1155
327981825 1005 1255
23463217 1305
477909696 1155
510371152 1205
538397297 1204 1355
42066417 1305
536598032 1155
510399216 1005
519793296 1005 1054 1254 1354
526099538 1304
522992065 1005 1255 1355
510409937 1204 1305 1355
525058113 1305
158245952 1255
511460304 1005
223242177 1255
527169040 1205
516689922 1255
522951793 1305
572947824 1054 1155
537371248 1155
517700768 1005
411878080 1354
570968496 1155
530334928 1155 1205
14518465 1205
516658832 1305
516704480 1155
534477472 1154
543718832 1155
310153826 1155
510382692 1155
521927984 1205
572972864 1054 1155
546770225 1155
183935808 1005
530308432 1255 1355
3352096 1205
534493809 1155
495735040 1004
510366896 1205
530326546 1155
510366902 1305
530303601 1305
516689728 1155 1355
548945457 1155
2028624 1205
527153808 1155
510398032 1005
568827616 1255
558390832 1005 1154 1354
477926902 1154
534525472 1305
525058464 1005
348966208 1155
375170384 1305
522977392 1255 1355
125538448 1205
510384560 1005 1155
522989393 1255
535562864 1205
520870576 1005
274533232 1005
321692336 1005 1255
532421233 1005
526156304 1355
556283088 1255
575223234 1155
520929249 1205
529307904 1155
565681521 1155
512502912 1305
559421697 1305
9474752 1205
526141280 1155
521944176 1155
510458051 1255
205442113 1005 1254
527183232 1155 1205
531393090 1355
510126933 1354
516472848 1305
487352688 1005
526157872 1005 1355
494727107 1204
10197857 1355
534536785 1155
539545746 1255
524637890 1255
280886897 1355
19863456 1255
575242192 1205
318051856 1355
181330000 1004
510465472 1205
510465473 1305
516714848 1205
526154305 1355
523548528 1355
209440176 1355
523034353 1305
541648544 1005 1153 1354
565165792 1355
521003984 1355
527650901 1355
523007584 1205
480042275 1255
520908832 1355
517170064 1255
535837936 1005
504383105 1354
521039312 1305
523934960 1305
537488448 1304
529229056 1304
492509874 1305
527369794 1305
520951252 1205
532464417 1004
539907281 1305
525120595 1005 1255
555084385 1305
544510784 1255
495742368 1005 1254 1353
49346288 1305
519850672 1305
510460928 1155 1355
246864432 1205
178195520 1005 1255 1355
545253585 1302
176652945 1004 1054 1255 1355
516752896 1005 1254
508425824 1155
571046480 1155
536245876 1305
524217394 1154 1354
953107 1305
466434704 1305
526202064 1004 1054 1155 1355
523064369 1304
525097648 1305
526166624 1305
511506721 1305
525828352 1305
199701009 1155
115584784 1305
524107873 1304
560438640 1305
219758208 1304
564033201 1304
529321540 1305
523049472 1255
522424832 1305
390820448 1305
519918288 1005 1155 1355
523453953 1305
560812962 1305
53838672 1255
537535601 1304
521110144 1304
206797440 1005 1255 1354
5360801 1305
547585360 1305
205865648 1305
519898416 1255
566575585 1305
527212944 1005
5360800 1305
422373296 1005
526206193 1205
534462352 1255
517212818 1005
497562384 1305
524621665 1305
493705217 1255
3553497 1204
536257840 1205
528592866 1305
13877392 1305
399350305 1205
529478160 1304
545918048 1255
528302848 1204
523358256 1255
270392160 1005
411956928 1205
54593042 1305
63687504 1305
511112739 1305
510393808 1005 1355
535647728 1205
527183924 1303
524322595 1305
510439092 1005 1254 1355
394586865 1305
441566672 1305
535883008 1305
521992291 1155
323877152 1255
229591809 1305
514684912 1155
526191187 1005 1204 1355
524917328 1305
522372434 1305
524106048 1305
523409312 1305
73396064 1205
506275664 1005
125292464 1305
252547072 1305
524094048 1155
520857760 1305
510228512 1305
524764450 1005
527235952 1255
522441057 1305
521762676 1305
524627728 1305
489567649 1305
148338096 1205
524217393 1305
511508864 1004 1254 1355
490534560 1005
524101456 1305
526197488 1305
527258913 1005
525782624 1305
111935600 1205
524101461 1205
51353968 1304
523847008 1305
524736385 1305
189045584 1305
525143669 1255
496840560 1155
520947841 1054
537556608 1004 1255
80388464 1305
189992067 1204
528220256 1255
525191108 1054
506442944 1305
232223345 1005 1054 1154 1354
535818161 1305
64885216 1155
524489552 1305
533526420 1155
538270385 1305
559208369 1304
522000258 1205
416027344 1305
522528016 1304 1354
516798481 1305
520061008 1005 1154 1354
524131328 1054
523671042 1305
524103280 1305
516636960 1305
177176864 1005 1155
508701906 1305
521707424 1305
510484817 1255
550833344 1305
208098992 1305
561639729 1255
523940273 1305
519940822 1305
511267728 1304
575512081 1305
35004944 1155
524215360 1005 1305
535684544 1205
376960304 1305
522508496 1155 1355
184533856 1255
516782912 1255
537518960 1004 1255
511701200 1005 1355
504999920 1305
501043072 1005 1355
521006544 1004 1054 1254
186627440 1155
480847488 1305
534681904 1305
15301584 1305
521862416 1304
15538405 1255
527016448 1155
80105232 1305
523061120 1155
524985569 1304
526077792 1205
523057808 1005 1255
102234962 1204
527304641 1155
527730449 1305
185642148 1305
488872882 1305
523088160 1005 1355
527916785 1305
510997136 1305
3086368 1305
2729378 1305
528343793 1155
238909488 1304 1355
520774034 1305
493745920 1205
550211586 1205
522006193 1005 1354
526248945 1304
174052208 1205
524207760 1305
128927137 1305
489483106 1255
510569312 1305
13900738 1305
510077824 1305
516885952 1305
527267440 1205
523078496 1155 1354
365826417 1005 1255
535750387 1255
532173505 1305
511551315 1155
423442562 1305
524140592 1205
186613824 1255
10656529 1005 1053 1203
512273440 1305
175935025 1305
174557891 1305
526239536 1305
445531648 1255
527490016 1305
516822256 1005 1054 1305
509678512 1305
526244898 1204
456987312 1305
558405634 1205
526165248 1305
523001921 1305
20805184 1305
390781329 1305
362249520 1304 1355
547383536 1305
516816912 1005
531887826 1305
4264688 1005 1254 1353
529415201 1305
557358867 1205
536748514 1054
571322368 1301 1352
526158432 1304
4641170 1305
572954000 1205
516817104 1005
562757376 1255
548434832 1305
510490288 1305
511538864 1205
876192 1305
511889041 1305
303006101 1305
539726992 1205
297274928 1005 1155
510550480 1005 1255
43661472 1305
510543344 1155
313429153 1305
501492131 1304 1355
513582081 1305
1422448 1305
510528304 1155
524189824 1305
561211858 1305
527410417 1305
113244452 1205
532709392 1204
524186053 1205
521892993 1005 1254 1354
509466224 1005 1255
526255920 1205
516796816 1005
472369505 1305
526285760 1205
516588160 1155
175092288 1005
510529088 1205
521048672 1305
510654962 1305
522033328 1304
294596784 1155
526251856 1305
172476721 1155
526289600 1255
517282577 1305
489485604 1305
510910913 1155
523133424 1155
480626176 1305
521196224 1255
516600800 1305
522078736 1005 1254
291423858 1305
521047792 1305
291542899 1305
516830257 1005
457381536 1205
525984258 1305
510546208 1155
522082064 1255
523110240 1204
518252837 1305
512263890 1305
524834448 1305
531859600 1255
527292560 1205
519814259 1305
535994321 1305
525306880 1305
510262882 1305
30967617 1305
521019990 1155
517905377 1005 1254
133916320 1254 1354
510572144 1305
524702208 1305
510556176 1205
524188928 1005 1204
200272272 1305
526511521 1305
291454497 1255
517184577 1305
526665408 1305
511881456 1305
487419104 1305
559157904 1255
524187328 1255 1355
516740599 1305
10232112 1205
519998976 1305
350166037 1205
525220688 1205
525200544 1005 1355
524180530 1205
509496657 1205
524190736 1204
539904657 1305
521034560 1305
523164352 1004 1154 1354
526264432 1005 1154 1202 1355
516843168 1305
167489585 1305
524939089 1304
550316528 1304
510564944 1305
138424176 1305
511635136 1005
274306736 1304
516957489 1305
534673953 1305
553872768 1305
527497409 1305
536780033 1255
523139379 1205
521015200 1155
510518560 1305
516834672 1005
541239296 1053
521052944 1155
9639680 1155
291460417 1155
339946706 1305
542872080 1304
327100752 1155
3908832 1255
523174336 1255
526298641 1155
170391489 1154
510542224 1305
521033585 1255
178257843 1005 1204 1354
511636448 1005
531572017 1305
520681185 1305
556603984 1255
181940098 1154
522432226 1305
527904147 1305
524190544 1005 1204
510537136 1005 1154 1355
531544337 1305
526373057 1305
291480080 1205
580847536 1305
291480082 1255
520494256 1305
520450532 1305
348344352 1305
57950688 1305
351199904 1005 1254 1355
547026177 1305
187700768 1155 1355
516307600 1304
60698160 1305
291471680 1254 1354
526491122 1305
524184800 1305
525232000 1001
526511184 1304
526165584 1305
516715696 1305
537757248 1154 1205
72012071 1305
524210464 1305
564971248 1205
534804784 1305
561166320 1305
527336817 1005 1154 1354
521890034 1305
527338352 1155
546115280 1255
60829620 1155
16162385 1155
549951232 1155
493636466 1305
520035056 1254
245550546 1305
521087968 1305
510232451 1304
524240835 1305
509520240 1205
513256016 1255
468635136 1205
527137953 1305
510807280 1305
519997840 1205 1255
546127568 1155
525264689 1005
536744517 1005 1054
510751651 1305
11248848 1255
521097937 1205
525530433 1305
532518720 1305
561417104 1304
550401456 1005 1154
291496737 1155
527357008 1155
517455072 1305
524228880 1004 1252 1354
522140912 1155
577579248 1255
549369729 1155
520086432 1305
527354976 1255
46159553 1005 1254 1354
327167680 1255
524218435 1304
523755168 1305
524219712 1205 1355
511623808 1005 1154
54677600 1004 1255 1355
558769184 1305
9256256 1305
525888384 1305
510609408 1255
511320432 1305
356351968 1305
521047987 1205
354932289 1205
296336400 1305
510009248 1305
538884533 1304 1355
541997826 1305
92300178 1155
544042752 1155
524219985 1205
372214096 1205
133916323 1304
535908208 1305
525269584 1005 1155 1355
491731760 1205
291542896 1305
532612419 1005 1255
209996032 1305
522114176 1154 1354
524202657 1205
527289943 1305
544026464 1155
511742800 1255 1355
516768016 1255
512718320 1255
161600784 1054 1154
208171376 1305
84970678 1205
100116032 1255
438297040 1205
520008880 1005 1205 1354
524230976 1255
536827137 1155
523171184 1005 1304 1355
547293601 1005 1254 1354
510528224 1255
522135618 1205
523217600 1305
544109120 1255
520311425 1255
361756432 1005 1355
525177328 1255
421527250 1255
526405969 1255
520852448 1255
445769232 1255 1355
520857104 1255 1355
516901680 1205
526985585 1255 1355
527595460 1255
526641456 1154 1355
520821232 1205
529474897 1255
322143040 1255
526478592 1255
527369591 1155
536839153 1005 1204
524247328 1205
524216984 1005 1254 1354
547308961 1155
192951248 1054
522151712 1305
376415089 1204
465481026 1255
523138704 1254
194528449 1205
524515264 1254 1355
522161155 1205
41310224 1004
558765280 1155
523203104 1205
565269872 1255
526356482 1304
20268128 1054 1305
539097153 1255
517673042 1255
539907280 1205
520074480 1255
535778880 1305
523391184 1255
516934880 1005 1354
524256800 1005 1254
524220336 1155
318426832 1255 1355
528474310 1255 1355
345196785 1204
566117601 1255
550835136 1255
545284960 1204
538232449 1255
527404576 1004 1355
558996480 1155
523322736 1255
537805072 1004 1254 1351
527421921 1255
526594368 1255 1355
558223216 1155
509228884 1205
534740784 1005 1155
488274064 1155
540721296 1255
533244737 1255
524629744 1254
522135248 1255 1355
551203584 1255
523041793 1255
194214960 1254 1355
565131808 1155
524256578 1205
174110592 1005 1354
517658706 1255
565810707 1155
510368992 1255
523269297 1255
516937728 1305
179685781 1005
178313696 1205
579375552 1255
510086417 1255
517756512 1255
330881824 1255
509556912 1005
527393143 1255
196651522 1305
174458768 1255
526355536 1255
528448352 1255
388569520 1255
550473744 1255
531398785 1255
113351856 1255
510224880 1255
527823682 1255
513625808 1255
552573458 1205
522908768 1255
524334081 1255
536866801 1255
528468256 1253
217084081 1005 1054
496994178 1004 1355
546226432 1204
511700496 1005
516926032 1005
522069248 1155
167290032 1205
535712817 1255
521071536 1255
525722400 1004 1254 1354
550465120 1205
103847872 1155
564081809 1305
511699234 1205
510872032 1255
526360161 1005 1303 1355
516917377 1255
516429267 1054
537445729 1255
522160000 1155
559186480 1255
536832912 1255
185642144 1155
520084274 1005
95454176 1155
526395872 1004 1155
46688 1255
286390464 1255
531601264 1205 1255 1305
510626960 1005 1052 1154 1354
524283936 1005
523336592 1255
527421248 1155
524339040 1255
510211648 1254 1355
517141416 1255
516560656 1255
572371217 1255
525350881 1155
491207058 1255
5658849 1205
34442833 1254
565194208 1205
520818224 1255
493866608 1154 1355
524581840 1254
510351264 1255
5069456 1305
535424192 1255
174505760 1005
510944896 1255
520113376 1305
198230288 1004 1054
540526096 1254
223156913 1255
523255280 1005 1255 1355
18101920 1255
493589952 1255
520066208 1005 1254 1355
456334051 1255
560933136 1305
536890161 1255
527414144 1004
523217040 1005 1154
520072081 1155
343522769 1254
546275873 1255
527669296 1255
561508240 1254
535831312 1155
277937408 1255 1355
533723456 1205
245940592 1205 1304
526201024 1004
520117233 1255
534524432 1255
524282464 1005
499990480 1255
542104736 1305
656640 1052 1203
491810048 1155
525352464 1155
486960737 1255
149500896 1005
517635554 1255
526282448 1255
526848625 1005
526373506 1204
520247728 1254 1355
480244368 1155
10169794 1305
525882944 1255
535169376 1254
525097248 1255 1355
510671153 1255
540074944 1155
526227187 1255
526602080 1205
526376577 1205
527122020 1255
554745314 1155
176943984 1255
523291602 1155
511701632 1205
254036880 1255
511706224 1005 1254
512767040 1205
320535520 1005
497063664 1305
526420705 1254
557252642 1255
57697424 1155
535844112 1005
511796293 1254
542158080 1255
565233136 1054 1254
524326112 1255
294436912 1255
513851584 1005 1155
489486257 1255
175705600 1154
511090000 1255
492873968 1005
532018064 1255
500893780 1255
562744593 1255
531502817 1005
526408737 1155
230227552 1005 1153
176226960 1155
213493075 1254
526427104 1254
558932032 1155
101530592 1255
352931792 1255
516960097 1305
526437330 1204
526455744 1255 1355
525306722 1255
537881169 1255
523267872 1005 1355
510415856 1205
558911664 1005 1054 1202
524322832 1004 1154
524813936 1255
84913264 1205
455110256 1005 1205 1255 1354
525079040 1255
521810624 1155 1205 1355
403751504 1155
524944928 1255
521184256 1205
531691360 1255
523269424 1205
525166482 1255
502270131 1354
541095105 1304
41320785 1255
535838560 1005
516993536 1255
531494656 1255
412153890 1305
526184864 1255
572144400 1255
516979011 1205
564032304 1255
511591040 1255
510149808 1255
520338144 1255
517006048 1305
546322720 1155
510692160 1305
560421089 1255
516295088 1255
524342000 1255
522576688 1255 1355
383835632 1255
540395216 1155
495494752 1255
567344224 1005 1254 1354
531682288 1155
509990257 1255
523304400 1305
529594321 1355
521790432 1255
530115600 1255
536811329 1255
550515024 1005 1254
256829184 1254
212791185 1254
523707730 1255
494569504 1255
521214404 1305 1355
527505600 1155
529529840 1205
348841952 1204
579437072 1205
113035392 1004 1054 1151 1352
491260818 1205
385069456 1204
526414960 1004
518353825 1205
503385073 1305
522426976 1205
510260800 1205
541231552 1205
533526417 1205
176748496 1305
525397504 1305
524746545 1204
525774528 1205
524646641 1052
491812336 1205
528012114 1205
459310000 1305
135472513 1205
511824656 1205
97041378 1205
206274115 1205 1355
565266048 1155
524380960 1205
550876113 1205
509451472 1155
524349968 1205
510337027 1205
520453200 1205
337758960 1155
527126048 1205
522272208 1155 1354
524348448 1155
552736224 1155
572830688 1155
517589824 1205
177305824 1005
521107936 1205
525061779 1005
534311504 1204
523784336 1204
526270066 1204 1354
195944707 1205
2732160 1205
533803232 1255
524859760 1205
182496753 1205
35926992 1204 1305
258011680 1255
2729376 1205
312185440 1205
511789794 1304
520687265 1205
518043760 1255
534408258 1205
517012272 1005 1255 1355
529058433 1205
276361905 1005 1154 1354
59537872 1155
520139537 1205
510534210 1005 1255
404819089 1155
526470112 1155
17893840 1005 1154
516779248 1205
526440534 1155 1355
382802592 1305
510219313 1205
520437840 1204 1354
523274416 1305
535575986 1205
20723664 1205
9516657 1205
523641924 1205
510164192 1205
510700448 1005 1054 1255 1354
525372849 1204
526416560 1005
524350032 1005 1204
511800928 1205
547186288 1204 1254
511790595 1005
561638272 1155
521074704 1205
492519936 1205
234442320 1054
527473329 1205
516558144 1005 1155
525154177 1005 1255 1355
1726880 1255 1354
372760608 1005
13781792 1205
463568400 1004 1155 1205 1252 1354
528251312 1005 1154 1355
523063169 1205
521191328 1255
517893616 1004 1054 1354
511802098 1304
562166832 1005 1204 1354
509686080 1155
526300897 1205
565753713 1155
175688612 1005
416411360 1205
175480304 1005 1354
535903776 1005 1154
517026112 1005 1354
510579248 1004 1254
482093008 1155
520192496 1305
527461153 1205
517547104 1205
13913376 1155
8035584 1205
193334672 1254
524848320 1155
518061952 1255
510769104 1305
566552864 1205
526478352 1305
205079984 1205
16096243 1205
517019505 1155 1355
1466560 1005 1155
510742592 1155
527981520 1304 1355
523134544 1003 1254
520158864 1155
563379824 1204
526462048 1155
511798576 1155 1305
408044224 1255
535332688 1204
524379440 1004
554915248 1305
174147088 1004 1155 1204 1251 1354
47358848 1205
558025281 1304
526379489 1205
511261488 1204
523423392 1205
301074288 1205
524358290 1005 1304 1354
511820272 1004 1054 1154 1255 1352
526144706 1205
524781600 1205
517497056 1205
563771568 1205
535839200 1005
357136 1155
144304 1205
523277778 1155
511636800 1005
525884384 1155
178890241 1155
520840131 1205
526392816 1205
41851952 1305
556912496 1255
521214624 1155
510198722 1155 1205
521124368 1154
530933920 1155
510316513 1205
511797345 1205
516735088 1205
1591856 1305
560125057 1305
315292464 1205
523317142 1305
525966881 1155
517023909 1204
524412386 1305
565403648 1255
562165617 1355
524199856 1205
527514001 1304
177833904 1305
535426273 1204
269677776 1155
512884192 1005 1254 1355
529675425 1205
485587328 1004 1203
42770320 1305
11843602 1255
284347632 1005
510692848 1004
510191792 1205
524119474 1155
1178290 1255
524401443 1305
524813600 1204
524172672 1054 1155 1355
517040256 1004
513891472 1155 1355
516966401 1054
9722640 1004 1202 1354
525421248 1005
524452016 1205
526152368 1205 1355
520987568 1205
511821616 1054
184435424 1005 1204 1354
722368 1155
523361809 1255
216642288 1205
527518881 1205
248422016 1205
533814416 1155 1255 1305
513908416 1155
525378036 1005 1054 1254 1355
291363778 1005 1304 1354
324027504 1004 1154 1354
520220688 1205
474094864 1204
520257968 1205
529660416 1155
525451073 1255 1355
530137298 1155
520210496 1205
702960 1005 1204 1355
520232176 1155
521251936 1005 1255
524375987 1204
510752674 1255
522035344 1205
524850064 1205
523354448 1305
545482401 1005 1155
519063842 1255
557841185 1155
395497155 1205
409073040 1004 1154
522308176 1205
523685248 1155
520228626 1255
181856818 1205
526512432 1155
173119184 1205
427385360 1155
535029920 1205
526396288 1205
539750016 1205 1255
521679393 1155
486701780 1255
527579121 1005
1903184 1355
510789937 1305
179430274 1005
524402544 1255
513578242 1005 1255
527399008 1005 1204 1354
410160912 1255
258871728 1205
566672624 1205
224431440 1005 1203 1305
525402627 1005 1154 1354
110965040 1005 1303
463603056 1005 1304 1355
178418384 1205
526539489 1204
283333840 1255
558138321 1255
496139744 1255
216112560 1255
522331552 1205
521711392 1155
527011792 1205
520090704 1005
479352096 1255
85319856 1155 1355
526494624 1155 1355
561229504 1005 1054 1255
522359461 1205
559196624 1155 1255
521224448 1205
552928128 1255
91359056 1205
510788704 1304
523847680 1005
192011283 1154 1354
536782755 1254
516558641 1205
510794576 1155
524205733 1005
581020705 1205
524277345 1304
549953890 1155
522173074 1205
507791585 1205
525274773 1155
527586320 1005 1154
572661266 1155
567525088 1305
510423552 1205
297916272 1205
520216721 1205 1355
524447488 1155
526535459 1155
521076640 1005 1255
524460752 1155
522315152 1005 1305
561172416 1204
504490144 1305
535917056 1255 1355
103630449 1155
525994864 1205
523876034 1155
307460816 1205
520237136 1205
522370753 1005
520940304 1205
523411392 1005 1255 1355
11395776 1004 1154 1354
492636288 1205
344139024 1205
527034240 1254
189900081 1205
524434257 1254
517608432 1205
517113104 1005 1155
524418960 1155
509750386 1155
522351392 1305
580166720 1255
520276656 1005 1304
231315025 1205
525864048 1005 1305 1354
183100976 1155
547712417 1205
523418336 1005 1304
526554881 1155 1205 1305
518183296 1205
521740336 1155
549600 1205
525475200 1155
510010224 1204 1354
520110448 1005 1154
520996976 1204
110177360 1255
525832864 1204
535947444 1354
268404240 1205
535837040 1005
518144112 1304
179426257 1255
561310784 1255
550820448 1155
214569842 1005 1205
522928832 1205
11944208 1305
535053095 1155
526454976 1155
520237200 1205
518164276 1205
101697425 1155
5633617 1005
34598581 1004 1205 1255 1355
511262032 1154 1355
540286288 1155 1354
257274786 1005 1354
523433680 1304
524478176 1205
113066624 1005 1304
511858304 1305
22574480 1155
371392097 1255 1355
511934576 1155
527154112 1005
518149136 1205
522355792 1155
523126772 1205
525008816 1155
524965648 1005 1204
517147603 1005
529587024 1155
111490961 1205
563655888 1155
539129008 1005
522391504 1255
229751507 1155
204068560 1154
146430978 1005 1305
533323059 1155
523437280 1054
523400305 1054
42746112 1005 1254
518173193 1005
419654114 1304
560934688 1155
493470864 1154
251244113 1255
537230403 1205
519790561 1005 1155
27882144 1305
16098240 1005 1304 1354
569727568 1005 1254 1355
526557008 1155
535842464 1005
523420720 1004 1204 1302 1354
533860914 1205
1201296 1005 1054 1154
521691216 1155
518163824 1152 1205
526550385 1254
494036146 1005
529164066 1005 1204 1355
522374448 1005 1255
241295792 1155
276044241 1155
526532912 1155
523403648 1005 1304 1355
538262192 1005
264355520 1004
520282151 1205
511909873 1155
538260160 1005
510928576 1005 1254
509785185 1004
176023888 1005 1254 1355
523430177 1255
529704288 1004
524949568 1005
510867936 1205
510867937 1005 1204
534075665 1005
538261568 1005
524447649 1154 1354
809505 1155
522914224 1205
526111218 1005
209316944 1004 1254 1354
526586624 1205
541526528 1005 1153
528655217 1204
526104291 1004 1054 1255
550862992 1355
525548256 1255
511887456 1255
13189888 1205
538259536 1005
524852656 1005
242620464 1005
495709168 1004
495099808 1154 1355
4002913 1054
186256208 1054
511805826 1005 1254
523413888 1005
278698800 1004 1355
528768032 1155
536392369 1155
538261264 1005
9619200 1205
526606288 1155
523474432 1005 1154 1354
113863856 1205
409154160 1205
526594306 1155
526562432 1005 1053 1153
523449603 1005 1152 1205
526521296 1155
523410081 1305
517136992 1255
509811248 1155
461314624 1155
537126464 1155
525565122 1205
521315232 1005 1354
560388626 1154
523941189 1005
183694497 1005
520743041 1155
522853088 1155
523433298 1305
326315664 1155
493670000 1155
175713409 1155
1680496 1155
159243952 1155
513544576 1004 1255 1353 1651
529722208 1205
524460976 1155
534058496 1005
530284208 1154
523454224 1255
525427585 1155
523454736 1005 1204 1354
535407009 1005 1255
509798528 1305
73493792 1305
538259824 1005
497291040 1005
516664115 1155
178197808 1005 1204 1355
524502048 1255
511530192 1155
521929760 1005 1254
454397664 1005
522394704 1204
523419312 1005 1302
528770064 1054
524577297 1155
321110130 1304
517204050 1005 1355
524632032 1004 1201 1355
528668320 1005
526575506 1304
538304768 1204
502506736 1204 1355
520989649 1155
526124608 1155
538261808 1005
177382512 1305
520306000 1005 1155
532430643 1005
537292433 1305
567685300 1155
511944180 1305
511953618 1005 1054 1255
531872464 1205
510898160 1305
523482592 1155
517188848 1005
529727633 1205 1304
511949160 1205
147507696 1255
484185696 1004
524540864 1304
511936034 1005 1255
525533968 1004 1053 1254
7250784 1155
537624032 1154
168450512 1205
526578352 1205
570876465 1255
2782608 1005 1154 1355
521913712 1005 1255 1355
523442576 1155
517177392 1305
523463744 1255
496232416 1005
538338016 1205
536781264 1005 1154
523452274 1003
536036195 1255
537424576 1205
297644416 1005 1304 1353
943729 1155
512976481 1205
559395232 1155
518227266 1155
527675408 1255
560889521 1054 1304
558268641 1255
516832016 1005
510866083 1255
